108	
32	
200	313
203	313
206	313
209	311
211	310
214	310
217	309
222	307
225	307
229	305
233	302
235	299
237	297
237	294
235	293
232	293
230	294
227	295
223	295
220	294
215	295
213	295
209	294
205	295
201	295
200	297
198	299
198	301
197	303
196	304
195	304
194	303
41	
203	295
203	294
204	292
205	291
207	289
210	288
212	287
216	286
217	285
221	284
223	284
226	283
228	283
231	282
233	282
234	281
232	279
231	278
229	278
228	277
226	277
224	277
222	277
220	277
216	278
214	278
211	279
209	280
208	280
205	280
203	279
200	279
198	280
193	280
191	282
188	284
186	287
184	291
185	295
185	297
185	297
24	
199	313
190	313
187	313
182	312
181	311
177	310
172	307
170	306
167	301
166	298
165	293
163	289
164	285
164	280
165	276
166	271
169	266
171	262
171	258
170	253
169	249
167	247
162	241
162	241
50	
209	280
206	279
206	278
206	278
205	276
204	273
202	271
201	267
200	266
199	263
198	262
197	260
194	258
194	257
192	254
191	252
191	250
193	247
193	244
194	242
195	239
195	238
197	235
197	232
197	230
197	227
196	224
195	222
195	218
194	213
193	209
192	207
190	206
186	204
182	198
180	195
180	194
178	189
177	188
177	184
176	178
172	173
168	169
166	167
163	164
160	162
155	158
150	156
147	154
144	153
35	
161	241
158	237
157	235
156	232
154	230
149	226
144	223
140	222
134	221
130	219
124	214
118	211
115	209
109	202
106	196
104	190
101	183
98	174
95	164
94	159
92	153
86	142
80	130
74	123
65	119
56	118
47	123
43	130
45	137
53	144
65	144
74	139
79	133
80	132
80	132
33	
133	195
135	191
137	187
140	184
142	180
144	176
145	169
146	163
144	156
144	150
145	145
144	142
141	138
139	135
137	130
138	125
143	121
147	119
157	114
161	112
166	112
169	112
172	111
175	108
175	104
172	103
170	103
167	103
165	102
162	102
160	102
159	102
160	102
41	
154	111
155	109
157	105
159	103
162	102
163	101
163	98
160	96
157	95
156	95
153	98
152	99
150	101
150	102
149	103
149	103
147	105
146	106
145	107
143	107
140	107
138	107
136	107
136	109
136	110
135	115
135	115
131	119
129	121
127	124
123	127
120	132
119	136
120	142
125	150
125	154
122	159
119	163
112	169
106	176
105	178
6	
124	153
121	154
118	155
115	158
111	161
109	163
8	
146	168
148	171
146	178
147	184
146	188
144	194
142	197
142	197
26	
170	170
172	168
172	165
170	158
168	152
164	145
161	142
160	139
162	134
165	130
169	126
172	124
175	122
177	122
183	125
187	123
189	120
189	115
186	115
181	115
174	116
171	116
167	115
161	114
158	114
158	115
13	
145	150
150	142
149	140
148	135
147	132
146	131
149	127
152	125
155	121
155	118
155	118
154	117
154	117
40	
118	133
117	133
114	131
110	126
107	122
102	118
98	117
95	116
90	113
88	111
82	110
79	108
74	107
69	106
64	105
62	106
47	108
43	110
41	111
39	114
37	116
35	121
34	124
34	128
34	132
35	136
36	139
38	142
42	146
45	150
49	151
54	152
60	151
65	148
69	145
72	144
75	140
76	138
77	137
77	136
13	
173	110
178	111
179	110
180	109
181	107
182	105
182	103
182	103
182	104
179	104
177	105
175	105
175	104
13	
160	100
162	101
166	100
167	97
166	93
166	90
164	92
162	94
160	95
157	97
158	99
159	101
161	101
15	
187	121
188	122
189	122
191	122
193	122
195	121
195	119
196	117
195	113
193	115
191	116
189	116
186	117
186	119
187	121
6	
185	124
185	124
187	125
190	124
191	123
191	123
28	
173	222
174	219
174	218
174	216
174	214
177	211
179	210
181	209
181	204
180	203
180	199
175	194
175	199
174	201
170	195
171	198
172	200
172	204
172	205
172	209
170	209
168	210
166	212
165	215
165	216
165	220
165	221
165	221
5	
165	213
162	213
160	215
160	216
161	216
7	
174	217
174	219
174	222
173	226
172	230
168	231
165	231
7	
174	219
176	220
177	221
177	223
176	225
177	227
177	228
17	
193	210
198	208
201	206
202	205
203	199
203	198
201	194
199	193
199	193
200	196
200	198
198	200
197	201
196	203
193	203
191	204
188	205
11	
198	200
198	198
196	196
194	195
192	196
193	196
194	197
194	199
195	200
195	202
195	202
11	
194	280
194	276
193	274
193	270
191	267
189	265
188	262
187	258
187	254
187	252
187	250
22	
208	308
208	308
207	309
205	309
205	310
203	309
203	309
201	308
201	308
202	307
203	307
204	307
206	307
207	307
208	307
209	306
212	306
213	306
213	306
216	305
216	305
216	305
8	
231	300
228	301
227	300
228	299
229	298
230	298
232	297
231	298
2	
232	293
231	288
2	
230	293
232	289
12	
227	294
225	289
224	295
223	290
222	295
220	290
220	294
218	291
218	293
217	290
216	295
217	295
6	
212	295
210	293
210	293
209	291
209	290
210	290
16	
228	283
227	287
227	284
225	287
224	284
224	287
223	284
221	287
221	284
219	288
219	285
217	289
216	285
215	288
214	286
214	286
3	
231	294
229	289
227	295
29	
287	440
283	440
282	440
281	439
282	438
282	438
283	437
284	436
285	436
287	435
289	434
290	434
291	433
293	431
294	430
296	427
297	425
297	421
298	417
297	415
297	413
296	410
296	406
296	402
296	399
297	396
299	394
299	392
299	392
9	
303	393
301	392
299	390
299	387
298	384
298	383
299	381
300	380
300	379
38	
310	380
309	379
310	378
310	376
310	373
309	371
308	369
307	367
306	365
306	364
305	361
305	359
305	359
298	358
298	360
299	361
299	362
299	362
300	363
300	363
301	364
301	365
301	366
301	367
302	368
302	369
303	370
303	371
303	373
303	375
303	376
302	378
301	379
301	380
301	382
302	384
303	385
303	386
7	
310	376
310	377
311	377
311	378
311	380
311	381
311	381
7	
310	373
312	373
315	372
319	372
322	373
325	373
326	373
43	
330	387
329	384
330	381
329	379
329	376
330	374
332	372
335	367
335	366
337	364
338	362
339	361
338	360
337	360
337	360
337	358
338	358
340	359
341	359
339	358
339	358
341	358
342	358
343	358
344	358
344	360
344	361
344	363
343	364
342	365
342	367
340	368
339	370
339	371
337	373
337	374
336	376
337	379
338	381
338	382
339	384
338	386
338	387
5	
337	374
338	375
339	378
340	379
340	380
7	
329	377
328	377
327	378
326	379
325	381
324	383
325	382
7	
332	372
330	372
329	372
327	372
325	373
324	374
324	374
24	
326	372
326	371
327	369
327	367
327	365
328	364
327	362
327	360
326	360
326	359
326	358
329	359
329	358
331	359
332	359
332	360
333	361
333	363
333	364
333	366
333	367
333	369
333	370
333	370
24	
317	372
317	370
317	368
317	365
317	363
316	361
316	359
315	359
314	359
313	359
312	359
311	359
311	359
311	362
311	363
312	364
312	365
312	367
312	369
311	370
311	371
311	372
311	373
310	373
15	
299	388
298	389
297	391
296	393
295	394
295	396
294	398
294	400
294	403
295	406
295	408
296	410
296	412
298	414
298	414
9	
287	438
287	438
287	438
287	438
288	438
286	438
286	438
286	438
286	438
16	
281	440
282	439
283	439
283	439
284	439
284	438
285	438
285	438
285	438
286	437
286	437
287	437
287	437
287	437
288	437
288	437
77	
287	440
291	437
294	436
295	435
297	433
298	432
299	431
301	429
301	428
302	426
302	425
303	423
303	421
304	420
304	418
304	417
304	415
305	413
304	412
304	411
304	410
304	406
304	406
304	403
305	402
306	400
307	399
309	398
310	397
312	397
314	396
317	396
320	396
322	396
324	397
328	397
329	397
334	397
337	395
340	393
343	392
346	390
349	387
354	383
361	380
365	378
370	375
376	372
382	370
387	369
393	369
398	369
400	369
399	368
396	368
394	367
392	367
390	366
387	366
383	365
380	365
375	366
372	367
369	368
366	369
362	370
359	371
355	372
352	373
349	374
347	375
344	375
342	375
341	375
339	374
338	374
337	374
14	
341	378
343	378
346	379
348	379
350	377
354	377
358	376
362	374
364	373
367	371
370	370
373	369
374	369
375	369
7	
327	379
325	377
322	377
320	376
318	376
316	376
317	376
8	
311	380
312	380
313	381
313	382
313	383
312	385
313	386
313	386
4	
313	380
314	381
314	381
314	382
8	
336	383
336	382
337	380
335	376
335	375
335	374
337	373
337	373
6	
308	376
308	374
308	372
307	369
306	368
306	367
19	
246	502
232	507
228	508
220	508
214	506
209	504
206	500
207	499
211	500
217	500
221	500
223	505
223	500
223	499
226	498
229	497
232	497
235	496
235	496
20	
247	500
243	499
240	498
231	488
230	485
228	480
228	474
229	470
230	471
233	477
236	482
236	486
237	485
239	484
241	490
242	488
243	488
244	490
245	494
245	494
41	
247	500
255	497
262	487
265	478
266	469
265	460
264	457
260	451
260	456
258	461
259	464
261	468
260	469
258	469
256	470
256	471
255	475
253	478
251	481
250	485
249	486
250	489
250	492
250	492
249	490
250	486
249	477
249	464
248	456
247	459
245	467
245	474
244	480
244	484
244	488
244	491
246	496
247	497
248	499
250	495
251	491
10	
252	499
255	500
261	500
264	497
267	491
268	485
266	483
265	483
265	483
264	482
5	
251	500
249	503
245	506
240	505
239	504
8	
230	497
226	493
225	489
224	484
226	485
228	488
230	489
232	489
4	
253	501
251	504
248	504
247	504
28	
241	480
236	464
233	454
232	445
233	435
233	426
233	417
234	405
236	395
239	382
241	375
244	368
244	365
237	364
233	368
231	376
230	384
228	392
227	401
225	412
225	422
226	435
225	444
226	453
227	458
231	467
234	473
234	474
19	
309	496
298	501
295	501
288	501
283	500
278	498
276	494
277	494
280	494
285	495
288	495
290	499
290	495
290	494
293	493
295	492
297	492
300	491
301	491
20	
310	495
307	494
304	493
297	485
296	482
295	478
294	473
295	470
296	471
299	475
301	480
301	483
302	482
303	481
305	486
306	484
307	485
308	486
308	489
308	489
41	
310	495
317	492
323	484
326	476
326	469
325	461
324	458
321	453
321	458
320	462
320	465
322	468
321	469
320	469
318	469
318	470
317	473
315	476
313	479
312	482
312	483
312	485
313	488
313	488
312	486
312	483
312	476
312	465
311	458
310	461
309	467
308	473
308	478
308	481
308	484
308	487
309	491
310	493
311	494
313	490
313	487
10	
314	494
317	495
322	494
324	492
327	487
327	482
326	481
325	480
325	480
325	480
5	
313	494
312	497
309	500
304	498
304	498
8	
296	492
293	489
292	485
291	481
293	482
295	484
296	485
298	486
4	
315	496
313	498
311	498
310	498
3	
307	478
289	440
289	441
6	
286	432
276	400
275	369
268	369
273	410
283	436
3	
284	442
302	479
302	479
17	
191	128
195	146
189	125
200	132
196	125
203	125
205	117
211	118
218	119
227	120
235	116
240	116
250	119
259	117
267	123
284	119
283	118
23	
133	107
120	119
129	102
116	109
119	103
106	111
104	105
102	107
98	106
93	104
89	105
86	104
79	103
77	103
73	103
69	103
62	101
56	101
52	102
44	104
20	105
13	106
12	105
20	
340	357
328	357
322	360
316	356
314	360
313	357
311	358
310	355
304	357
303	357
301	356
300	356
298	356
294	358
290	358
278	361
267	358
261	357
258	358
258	358
15	
283	363
277	368
278	367
276	370
274	369
268	368
267	371
260	370
260	369
258	369
253	370
249	367
247	369
243	369
245	366
56	
253	361
249	362
244	364
239	363
236	366
230	365
227	365
221	365
213	365
221	365
229	362
235	366
230	369
228	369
228	377
226	366
223	369
215	367
207	366
196	364
191	363
213	363
190	362
184	364
171	365
164	367
156	368
167	365
180	365
195	365
193	367
182	370
155	371
144	373
122	375
107	375
83	373
67	376
43	376
15	377
5	377
21	367
47	362
83	362
63	366
38	369
12	375
4	370
5	363
15	363
9	362
2	368
12	371
6	367
3	358
2	356
41	
345	359
354	358
366	356
382	355
402	361
411	363
428	362
443	362
434	354
404	358
380	354
371	355
389	356
415	362
439	360
457	358
472	360
494	365
516	364
517	359
489	353
499	358
506	371
496	379
504	368
524	372
508	366
525	367
499	362
518	365
495	355
512	360
504	356
487	357
502	361
500	363
490	373
493	359
484	363
475	356
473	359
32	
43	439
44	439
44	439
45	439
45	439
45	439
46	439
47	438
47	438
48	438
48	438
49	437
49	437
49	436
49	436
48	436
48	436
47	436
47	436
46	436
46	437
45	437
45	436
44	437
43	437
43	437
43	437
43	437
43	438
43	438
42	438
42	438
41	
44	437
44	436
44	436
44	436
44	436
45	435
45	435
46	435
46	435
46	435
47	435
47	435
47	435
48	435
48	435
48	434
48	434
48	434
48	434
47	434
47	434
47	434
47	434
46	434
46	434
45	434
45	434
45	434
44	434
44	434
44	434
43	434
43	434
42	434
42	435
42	435
41	435
41	436
41	437
41	437
41	437
24	
43	439
42	439
41	439
41	439
40	439
40	439
39	438
39	438
38	437
38	437
38	436
38	436
38	435
38	434
38	434
38	433
39	432
39	432
39	431
39	430
39	430
38	429
38	429
38	429
50	
45	434
44	434
44	434
44	434
44	434
44	433
44	433
43	432
43	432
43	432
43	432
43	431
42	431
42	431
42	430
42	430
42	430
42	429
42	429
42	429
42	428
43	428
43	428
43	427
43	427
43	426
43	426
43	426
42	425
42	424
42	424
42	423
42	423
41	423
41	422
40	422
40	421
40	421
40	420
40	420
40	419
39	418
39	418
38	417
38	417
37	417
36	416
36	416
35	415
35	415
35	
37	428
37	428
37	428
37	427
36	427
36	426
35	426
34	426
33	425
33	425
32	424
31	424
31	424
30	423
29	422
29	421
28	420
28	418
28	417
27	416
27	415
26	414
25	412
24	411
23	410
22	410
20	411
20	412
20	413
21	414
23	414
24	413
25	412
25	412
25	412
33	
33	422
34	421
34	420
34	420
35	419
35	419
35	418
35	417
35	416
35	415
35	414
35	414
34	413
34	413
34	412
34	411
35	410
35	410
37	409
37	409
38	409
39	409
39	409
39	408
40	408
39	408
39	408
38	408
38	408
38	408
37	408
37	408
37	408
41	
36	409
36	409
37	408
37	408
38	408
38	407
38	407
37	407
37	407
37	407
36	407
36	407
36	407
36	408
36	408
36	408
35	408
35	408
35	408
35	408
34	408
34	408
34	408
34	409
34	409
34	410
33	410
33	410
33	410
32	411
32	411
31	412
31	413
31	414
32	415
32	415
32	416
31	417
30	418
29	419
29	419
6	
32	415
31	415
31	416
31	416
30	416
30	417
8	
35	417
35	418
35	419
35	420
35	421
35	421
35	422
35	422
26	
39	418
39	417
39	417
39	416
38	415
38	414
37	414
37	413
38	412
38	412
39	411
39	411
39	411
40	411
41	411
41	411
42	410
42	410
41	410
40	409
39	410
39	410
38	410
37	409
37	409
37	409
13	
35	415
36	414
36	413
36	412
35	412
35	412
36	411
36	411
36	410
37	410
36	410
36	410
36	410
40	
31	412
31	412
30	412
30	411
29	411
29	410
28	410
28	410
27	409
27	409
26	409
25	409
24	408
24	408
23	408
23	408
20	409
20	409
19	409
19	409
19	410
19	410
18	411
18	411
18	412
18	413
19	413
19	414
20	414
20	415
21	415
21	415
22	415
23	414
24	414
24	414
25	413
25	413
25	413
25	413
13	
39	409
40	409
40	409
40	409
40	408
41	408
41	408
41	408
40	408
40	408
40	408
40	408
39	408
13	
37	407
38	407
38	407
38	407
38	406
38	406
38	406
38	406
37	407
37	407
37	407
37	407
37	407
15	
41	410
41	411
42	411
42	411
42	411
43	410
43	410
43	410
43	409
42	410
42	410
42	410
41	410
41	410
41	410
6	
41	411
41	411
41	411
42	411
42	411
42	411
28	
39	426
39	425
39	425
39	425
39	424
40	424
40	424
40	424
40	423
40	423
40	422
40	421
39	422
39	422
39	422
39	422
39	422
39	423
39	423
39	424
39	424
38	424
38	424
38	425
38	425
38	425
38	425
38	426
5	
38	424
38	424
37	424
37	425
37	425
7	
39	425
39	425
39	426
39	426
39	427
38	427
38	427
7	
39	425
40	425
40	425
40	426
40	426
40	426
40	426
17	
42	424
43	424
43	423
44	423
44	422
44	422
43	421
43	421
43	421
43	422
43	422
43	422
43	422
43	423
42	423
42	423
41	423
11	
43	422
43	422
43	422
42	422
42	422
42	422
42	422
42	422
42	422
43	423
43	423
11	
42	434
42	434
42	433
42	433
42	432
42	432
42	432
41	431
41	430
41	430
41	430
22	
45	438
44	438
44	439
44	439
44	439
44	439
44	439
43	438
43	438
44	438
44	438
44	438
44	438
44	438
44	438
45	438
45	438
45	438
45	438
46	438
46	438
46	438
8	
48	437
48	437
47	437
47	437
48	437
48	437
48	437
48	437
2	
48	436
48	436
2	
48	436
48	436
12	
47	436
47	436
47	436
47	436
47	436
46	436
46	436
46	436
46	436
46	436
46	437
46	436
6	
45	437
45	436
45	436
45	436
45	436
45	436
16	
48	435
47	435
47	435
47	435
47	435
47	435
47	435
46	435
46	435
46	435
46	435
46	436
46	435
45	435
45	435
45	435
3	
48	436
48	436
47	436
33	
7	405
12	405
15	405
18	405
21	403
24	404
27	404
30	404
33	403
37	404
40	403
45	403
54	403
62	403
59	405
49	405
40	404
38	404
40	405
43	405
51	404
58	404
72	404
40	403
32	405
33	408
29	405
24	406
20	407
7	404
4	406
4	407
0	0
